        Rank        RMSE       MaxAE  Feature_ID
           1    8.049155  206.366174  (       1)
           2    8.675298  210.169935  (       2)
           3    8.959131  214.204527  (       3)
           4    9.062902  217.704573  (       4)
           5   10.999385  221.704050  (       5)
           6   11.471990  225.275919  (       6)
           7   13.465501  199.506587  (       7)
           8   13.815383  219.648066  (       8)
           9   14.700363  196.807307  (       9)
          10   15.190477  263.963432  (      10)
          11   15.723206  216.183616  (      11)
          12   16.174134  209.166630  (      12)
          13   16.176747  208.765893  (      13)
          14   16.239464  182.883980  (      14)
          15   16.244211  206.887428  (      15)
          16   16.313802  206.555523  (      16)
          17   16.546321  211.494040  (      17)
          18   16.828951  181.345085  (      18)
          19   16.906641  204.841810  (      19)
          20   17.017558  224.737539  (      20)
