Model_ID, [(c_i,i=0,n)_j,j=1,ntask]
           1    0.5253631686E+01    0.3191981890E+03
           2   -0.6442178858E+00    0.2065583959E+03
           3    0.1000792064E+02    0.3390795406E+03
           4    0.4136779006E+01    0.2196181266E+03
           5    0.2224183484E+02    0.4585645596E+03
           6    0.1715579107E+02    0.2964140405E+03
           7   -0.2740499025E+02    0.2724919820E+03
           8   -0.9609903749E+02    0.6912853516E+03
           9   -0.1905351648E+02    0.4178361579E+03
          10   -0.1035479764E+03    0.5187539792E+03
          11   -0.2340786222E+02    0.2255919963E+03
          12    0.1407249251E+01    0.1838107493E+02
          13    0.1982837502E+01    0.3485620465E+02
          14    0.9795257396E+01    0.3350341321E+02
          15    0.5405639380E+01    0.2454862911E+02
          16    0.6000377060E+01    0.4654140459E+02
          17   -0.1853730835E+01    0.2605880503E+02
          18    0.1382841562E+02    0.4466992191E+02
          19    0.1016159244E+02    0.6204209092E+02
          20   -0.9756563591E+02    0.8219600587E+03
