        Rank        RMSE       MaxAE  Feature_ID
           1    2.375258   36.750547  (       1)
           2    2.375829   31.742296  (       2)
           3    2.376492   38.728210  (       3)
           4    2.379683   32.177390  (       4)
           5    2.380366   31.596792  (       5)
           6    2.381875   33.494084  (       6)
           7    2.391704   32.632136  (       7)
           8    2.396880   33.820599  (       8)
           9    2.405364   38.892512  (       9)
          10    2.411259   32.747956  (      10)
          11    2.414006   32.066131  (      11)
          12    2.422687   34.157715  (      12)
          13    2.422920   37.326901  (      13)
          14    2.423851   38.914646  (      14)
          15    2.464976   39.331886  (      15)
          16    2.465742   39.162519  (      16)
          17    2.467083   37.623646  (      17)
          18    2.470271   34.515887  (      18)
          19    2.497409   31.319075  (      19)
          20    2.501987   34.179715  (      20)
