Model_ID, [(c_i,i=0,n)_j,j=1,ntask]
           1    0.1487419629E+00    0.3758478570E+01
           2    0.1100647134E+00    0.1359450127E+01
           3   -0.1279013494E+01    0.2667425021E+01
           4    0.7669501799E+00    0.1359060579E+01
           5   -0.5451955130E+00    0.1359742833E+01
           6   -0.1281663601E+01    0.1311574681E+01
           7   -0.9511394694E+00    0.1358633076E+01
           8    0.9398099354E+00    0.1311554034E+01
           9    0.9433984812E+00    0.2667124238E+01
          10    0.1229344593E+00    0.1647410741E+01
          11    0.1184721403E+01    0.1359639060E+01
          12    0.8114007449E-01    0.1311885347E+01
          13    0.1349721241E+00    0.4419270917E+01
          14   -0.1291437705E+01    0.3136260854E+01
          15    0.9061513556E-01    0.2666973910E+01
          16    0.9310516852E+00    0.3135662938E+01
          17    0.1343523728E+00    0.3348730951E+01
          18   -0.7724793567E+00    0.1311962318E+01
          19    0.8297837350E+00    0.1063851353E+01
          20   -0.1275135112E+01    0.1540931454E+01
