Model_ID, [(c_i,i=0,n)_j,j=1,ntask]
           1    0.1428660091E+00    0.3761012315E+01
           2   -0.1282752769E+01    0.2668763259E+01
           3    0.1042689134E+00    0.1360344515E+01
           4    0.7628755517E+00    0.1359943939E+01
           5    0.1686503341E+00    0.1831349136E+01
           6   -0.5527316676E+00    0.1360649115E+01
           7   -0.1286449995E+01    0.1312303681E+01
           8   -0.9573751061E+00    0.1359521598E+01
           9    0.9381468926E+00    0.1312272203E+01
          10    0.9427366614E+00    0.2668440461E+01
          11    0.1129689514E+00    0.1648882359E+01
          12    0.1253839389E+00    0.4424044290E+01
          13    0.1179354777E+01    0.1360543624E+01
          14   -0.1299526264E+01    0.3139167582E+01
          15    0.7716945514E-01    0.1312618636E+01
          16    0.9260861294E+00    0.3138566079E+01
          17    0.8767863669E-01    0.2668322569E+01
          18    0.1250492776E+00    0.3351594445E+01
          19   -0.7788037795E+00    0.1312713179E+01
          20    0.4092691743E+00    0.4491113751E+01
          21    0.2329842149E+00    0.1432928763E+01
          22   -0.1283762141E+01    0.1542419336E+01
          23    0.6932337180E-01    0.3138758981E+01
          24    0.8310099389E+00    0.1063919431E+01
          25   -0.5467864215E+00    0.1598988923E+01
          26    0.1108283023E+00    0.1598512352E+01
          27    0.9379736432E+00    0.1542356609E+01
          28    0.1455021920E+01    0.1312253512E+01
          29    0.1770679332E+00    0.1064037847E+01
          30    0.7698551388E+00    0.1597928822E+01
          31    0.7592559642E-01    0.1542924181E+01
          32    0.1806097550E+00    0.2151508014E+01
          33   -0.9463418938E+00    0.1597364638E+01
          34    0.1181676692E+01    0.1598927248E+01
          35   -0.8836159289E+00    0.1063404291E+01
          36   -0.7615481037E+00    0.2667664247E+01
          37   -0.4748262405E+00    0.1064073301E+01
          38    0.1015447095E+01    0.1026224935E+01
          39    0.1251307990E+01    0.1064176650E+01
          40   -0.7814769555E+00    0.1543205567E+01
          41   -0.7819612676E+00    0.3138335589E+01
          42   -0.1198543652E+01    0.1025918069E+01
          43    0.1578435822E+00    0.6465707874E+01
          44   -0.1262392585E+01    0.4587641883E+01
          45    0.1469887836E+01    0.2666636244E+01
          46    0.1612674250E+00    0.1026233971E+01
          47    0.1581601551E+01    0.1670789044E+01
          48    0.1449965835E+01    0.1542636697E+01
          49    0.1620492072E+01    0.1308707657E+01
          50    0.1965166784E+01    0.4281959423E+01
          51    0.1966321091E+01    0.4281853351E+01
          52   -0.7292886837E+01    0.6626531345E+01
          53    0.1449874466E+01    0.3136906789E+01
          54    0.9545586641E+00    0.4587170778E+01
          55    0.6269929917E+00   -0.4278300441E+01
          56    0.2745200027E+01    0.6121950697E+01
          57    0.2749123580E+01    0.6121441805E+01
          58   -0.6241993909E+00    0.1670023166E+01
          59   -0.2176508876E+00    0.4279839169E+01
          60    0.2478799136E+00    0.2937662932E+01
          61    0.1475294837E+01    0.4276066028E+01
          62   -0.6510694538E+01    0.4587606312E+01
          63    0.1042607466E+01    0.2084694253E+01
          64    0.5647680234E+00    0.4339932768E+01
          65   -0.5035218219E+01    0.6106195315E+01
          66    0.1818423551E+01    0.1365303646E+01
          67    0.1819624954E+01    0.1365268380E+01
          68    0.2779882911E+01    0.4340387981E+01
          69    0.2778326400E+01    0.4340530123E+01
          70    0.1784935464E+01    0.1742718607E+01
          71    0.1786063056E+01    0.1742676340E+01
          72   -0.4168028249E+01    0.4587839768E+01
          73    0.5682354632E+01    0.5918194187E+01
          74    0.5969426286E+01    0.4276237278E+01
          75    0.9972292597E-01    0.4587565491E+01
          76   -0.1168215045E+01    0.2084120551E+01
          77    0.2124218509E+01    0.1364943810E+01
          78    0.2126018070E+01    0.1364891187E+01
          79   -0.5817352163E+00    0.1307851036E+01
          80    0.1776969494E+01    0.4274336959E+01
          81    0.3721493667E+01    0.6126160677E+01
          82    0.3742363355E+01    0.6123455753E+01
          83    0.9318500660E+00   -0.4276140367E+01
          84    0.6365080054E+01    0.1365298647E+01
          85    0.4151126995E+01    0.1365059494E+01
          86    0.2791950607E+00    0.2095792851E+01
          87    0.4136680665E+01    0.1365468909E+01
          88   -0.6549104710E+00    0.3327175135E+01
          89    0.5127742229E+01    0.4277654515E+01
          90   -0.6871270640E+00    0.1026032987E+01
          91    0.2274707234E+01    0.4278889795E+01
          92    0.2276435468E+01    0.4278731673E+01
          93    0.4996039208E+01    0.1364469448E+01
          94    0.1048607831E+01    0.3327638984E+01
          95    0.2428260665E+01    0.1365043767E+01
          96    0.2430281169E+01    0.1364984917E+01
          97    0.2376781027E+00    0.1668655466E+01
          98    0.5595033932E+01    0.5928796530E+01
          99    0.1535898866E+01    0.1026000686E+01
         100    0.6401144118E+01    0.5930155464E+01
