        Rank        RMSE       MaxAE  Feature_ID
           1    2.372683   36.666914  (       1)
           2    2.375802   38.607101  (       2)
           3    2.376567   31.774906  (       3)
           4    2.379970   32.211114  (       4)
           5    2.380077   31.837416  (       5)
           6    2.381555   31.511935  (       6)
           7    2.382777   33.422467  (       7)
           8    2.392544   32.665353  (       8)
           9    2.397042   33.748387  (       9)
          10    2.403982   38.771544  (      10)
          11    2.413065   32.635716  (      11)
          12    2.414599   37.193683  (      12)
          13    2.414756   31.980735  (      13)
          14    2.415420   38.800348  (      14)
          15    2.423767   34.085983  (      15)
          16    2.457011   39.047513  (      16)
          17    2.464853   39.209979  (      17)
          18    2.466542   37.520148  (      18)
          19    2.472226   34.444416  (      19)
          20    2.493479   30.122843  (      20)
          21    2.496766   33.770391  (      21)
          22    2.497438   34.056281  (      22)
          23    2.503116   39.427757  (      23)
          24    2.504997   31.333002  (      24)
          25    2.511389   34.558124  (      25)
          26    2.516286   34.980804  (      26)
          27    2.518668   34.375501  (      27)
          28    2.522723   34.805397  (      28)
          29    2.524466   31.742062  (      29)
          30    2.528666   35.400918  (      30)
          31    2.530959   34.702575  (      31)
          32    2.539824   35.035099  (      32)
          33    2.540526   35.975439  (      33)
          34    2.543222   33.969551  (      34)
          35    2.543898   31.179160  (      35)
          36    2.546779   39.692733  (      36)
          37    2.552419   32.137762  (      37)
          38    2.555623   36.169487  (      38)
          39    2.556729   32.225288  (      39)
          40    2.563705   35.049757  (      40)
          41    2.570023   39.828118  (      41)
          42    2.586947   36.260742  (      42)
          43    2.599155   37.578287  (      43)
          44    2.601005   39.186260  (      44)
          45    2.601870   39.914845  (      45)
          46    2.610945   36.803058  (      46)
          47    2.617078   37.454036  (      47)
          48    2.619921   35.404077  (      48)
          49    2.619986   32.891896  (      49)
          50    2.621036   34.833173  (      50)
          51    2.621285   34.832851  (      51)
          52    2.623963   49.967695  (      52)
          53    2.637445   40.101911  (      53)
          54    2.638300   39.422673  (      54)
          55    2.638382   35.909010  (      55)
          56    2.642134   38.130743  (      56)
          57    2.642392   38.137526  (      57)
          58    2.644944   37.928970  (      58)
          59    2.646203   35.341187  (      59)
          60    2.646574   40.501709  (      60)
          61    2.647936   36.470629  (      61)
          62    2.648695   42.871729  (      62)
          63    2.651443   43.384299  (      63)
          64    2.654819   39.868705  (      64)
          65    2.657880   38.144405  (      65)
          66    2.662145   35.465301  (      66)
          67    2.662428   35.458309  (      67)
          68    2.670940   40.067461  (      68)
          69    2.670943   40.064864  (      69)
          70    2.671800   36.973940  (      70)
          71    2.672070   36.972524  (      71)
          72    2.672101   42.693770  (      72)
          73    2.673551   37.287014  (      73)
          74    2.675517   37.513977  (      74)
          75    2.676182   39.799283  (      75)
          76    2.676689   43.347604  (      76)
          77    2.676895   35.236992  (      77)
          78    2.677231   35.226584  (      78)
          79    2.677741   32.958199  (      79)
          80    2.679520   37.247700  (      80)
          81    2.679559   36.406321  (      81)
          82    2.680386   36.442651  (      82)
          83    2.680665   36.683123  (      83)
          84    2.680981   34.800496  (      84)
          85    2.681010   35.027146  (      85)
          86    2.681716   35.410237  (      86)
          87    2.682871   35.107002  (      87)
          88    2.683476   34.520550  (      88)
          89    2.686182   36.945994  (      89)
          90    2.686660   37.400260  (      90)
          91    2.687165   35.600874  (      91)
          92    2.687445   35.600383  (      92)
          93    2.687970   34.950634  (      93)
          94    2.688230   34.569487  (      94)
          95    2.688890   35.144808  (      95)
          96    2.689167   35.133194  (      96)
          97    2.689645   38.484087  (      97)
          98    2.690996   37.147345  (      98)
          99    2.691354   37.250620  (      99)
         100    2.691847   33.488351  (     100)
