Model_ID, [(c_i,i=0,n)_j,j=1,ntask]
           1   -0.7621974344E+00    0.1500807159E+03
           2    0.4070603393E+01    0.3285433519E+03
           3   -0.2812202765E+01    0.1293394506E+03
           4   -0.3922788636E+01    0.1788867782E+03
           5   -0.7006750874E+01    0.2131463181E+03
           6   -0.1421299773E+02    0.2752786909E+03
           7   -0.2629860484E+02    0.1787606603E+03
           8   -0.1146724793E+02    0.9719457871E+02
           9    0.1586422278E+02    0.5044465181E+03
          10   -0.1389607047E+02    0.2794179836E+03
          11    0.3818712429E+02    0.4662997109E+03
          12    0.3409172138E+02    0.2128673775E+03
          13    0.3233664623E+02    0.1834098651E+03
          14    0.3139522257E+02    0.2536334675E+03
          15    0.2876328442E+02    0.3021058484E+03
          16   -0.1711107847E+02    0.1376826512E+03
          17    0.4822976938E+02    0.7170686882E+03
          18    0.2498153809E+02    0.1376832784E+03
          19   -0.3311264784E+02    0.2302207169E+03
          20    0.7078102098E+02    0.7245380992E+02
          21   -0.4634317457E+02    0.1496730879E+03
          22    0.2285117670E+02    0.3957931298E+03
          23    0.7627127955E+02    0.9668833711E+02
          24   -0.1059882557E+03    0.1146997221E+04
          25   -0.2022589652E+02   -0.3654915914E+03
          26    0.2814705344E+02    0.7718230586E+03
          27    0.2015192355E+02    0.1949344992E+03
          28   -0.9343769458E+02    0.1520647839E+04
          29   -0.5089248371E+02    0.1596311042E+04
          30   -0.1289916489E+03    0.6476294512E+03
          31    0.1017072971E+02    0.5244607583E+03
          32    0.5871658715E+02    0.1098972434E+04
          33   -0.4122293088E+02    0.2123367123E+04
          34    0.1740004632E+02   -0.5174743670E+03
          35   -0.2361854931E+02   -0.6004020634E+03
          36   -0.4591759431E+02    0.2040755535E+03
          37   -0.5998966005E+02    0.1327919631E+03
          38    0.4278915790E+02    0.7467587938E+03
          39    0.2105684782E+02    0.8070553217E+03
          40   -0.1632085082E+03    0.5506597000E+03
          41    0.8773171605E+02    0.1714939805E+03
          42    0.5212331019E+02    0.1150639750E+04
          43    0.9517484051E+02    0.1035747384E+03
          44   -0.1349179074E+03    0.2772706085E+03
          45    0.6870211927E+02    0.6599589262E+03
          46   -0.2596132351E+02    0.8850940492E+02
          47   -0.1362931325E+03    0.4313425082E+03
          48    0.1001068085E+03    0.1382157402E+03
          49    0.1448594470E+02   -0.8498468774E+03
          50    0.6054251986E+02    0.4272572127E+03
          51   -0.6842904753E+02    0.8958769202E+03
          52    0.7738634123E+02    0.1015809096E+04
          53   -0.7069023105E+02    0.9372880303E+02
          54   -0.1390264974E+03    0.4845150937E+03
          55    0.9363643459E+02    0.2279656772E+03
          56    0.6507698074E+02    0.1010541496E+03
          57    0.6434561192E+02    0.5328231321E+02
          58   -0.5563408617E+02    0.1438266173E+03
          59    0.7047863100E+02    0.1349739517E+03
          60    0.1256160331E+02    0.1252243985E+03
          61   -0.1749434865E+03    0.4127140847E+03
          62    0.5990804478E+02    0.7554651948E+02
          63    0.5920744755E+02    0.3982521138E+02
          64    0.7607541483E+02    0.1800255128E+03
          65   -0.2853918661E+02   -0.2345203078E+03
          66    0.5305677415E+02    0.2755516340E+03
          67   -0.1997157063E+03    0.4676359425E+03
          68    0.4882782366E+02    0.2249795217E+02
          69   -0.7291176647E+02    0.3829608483E+03
          70    0.1754512632E+02    0.3476916516E+02
          71    0.2149342989E+02    0.8115522317E+02
          72    0.2245407662E+02    0.5214737081E+02
          73    0.2346353768E+02    0.2446174119E+02
          74    0.5326410261E+02    0.2793939582E+02
          75    0.2445654873E+02    0.4637146172E+02
          76    0.5501134355E+02    0.5638938576E+02
          77   -0.7394614099E+02    0.5955433243E+03
          78    0.1103793813E+03    0.2451730486E+03
          79    0.1089896603E+02   -0.8001273830E+02
          80    0.2923680078E+02   -0.3860479235E+02
          81    0.8934655573E+02    0.1448739455E+03
          82    0.3057702019E+02    0.3258264566E+02
          83    0.8869559399E+02    0.7638474208E+02
          84    0.1024565325E+02   -0.3318511514E+03
          85    0.3159110641E+02    0.6175506863E+02
          86    0.8466726589E+02    0.1083195935E+03
          87    0.9422182477E+02    0.1934897157E+03
          88    0.3260689649E+02    0.1170440699E+03
          89    0.8404191068E+02    0.5710085067E+02
          90   -0.1449489637E+03   -0.5794418648E+03
          91   -0.7602110306E+02    0.6685063509E+03
          92    0.4619878076E+01    0.1945340407E+02
          93    0.9080144666E+02    0.1191407044E+04
          94    0.4646190640E+01   -0.5979216355E+02
          95   -0.2135654941E+03    0.3512668658E+03
          96    0.9926242481E+02    0.2580699518E+03
          97    0.8021603717E+02    0.8086851000E+02
          98    0.2697607291E+02    0.2603393223E+03
          99    0.1662572337E+02    0.1689707419E+03
         100    0.5036521407E+02   -0.1291985049E+03
