        Rank        RMSE       MaxAE  Feature_ID
           1    1.715291   23.200099  (       1)
           2    2.600815   21.770308  (       2)
           3    2.872954   29.248678  (       3)
           4    3.423485   55.655211  (       4)
           5    3.587095   37.194878  (       5)
           6    5.770159   62.794372  (       6)
           7    5.782590  108.083627  (       7)
           8    5.821962  117.102909  (       8)
           9    5.934026  103.614525  (       9)
          10    6.812387   87.767735  (      10)
          11    6.830981   89.650004  (      11)
          12    6.834621   89.515734  (      12)
          13    6.837716   89.805257  (      13)
          14    6.844774   89.021261  (      14)
          15    6.849779   91.536305  (      15)
          16    6.893958   90.365136  (      16)
          17    6.929385  134.165605  (      17)
          18    6.951572  132.841413  (      18)
          19    6.967220  134.625303  (      19)
          20    6.980037  134.749785  (      20)
          21    7.006405  134.893321  (      21)
          22    7.008642  136.662235  (      22)
          23    7.024828   75.454131  (      23)
          24    7.117968  135.409473  (      24)
          25    7.610016  149.562162  (      25)
          26    7.856843   49.542543  (      26)
          27    8.907891  116.739144  (      27)
          28    9.018754  124.600529  (      28)
          29    9.035361  108.852286  (      29)
          30    9.104279  207.771072  (      30)
          31    9.107641   96.638694  (      31)
          32    9.127577   88.552702  (      32)
          33    9.820101  101.727286  (      33)
          34   10.356888  261.625841  (      34)
          35   10.742904  107.194694  (      35)
          36   10.775163  123.345252  (      36)
          37   11.205935  128.296838  (      37)
          38   11.522034  212.946474  (      38)
          39   11.665501  125.975798  (      39)
          40   11.698161  107.480486  (      40)
          41   11.761407  339.704665  (      41)
          42   11.799688  131.214701  (      42)
          43   11.926226   98.178848  (      43)
          44   12.142763   93.528477  (      44)
          45   12.362823   96.447619  (      45)
          46   12.370466   61.806125  (      46)
          47   12.749125  194.266700  (      47)
          48   12.858135  111.446562  (      48)
          49   12.948459   87.484665  (      49)
          50   13.015899   54.859122  (      50)
          51   13.040513  117.231105  (      51)
          52   13.759088  256.792874  (      52)
          53   13.781041  148.950044  (      53)
          54   14.243719  102.285056  (      54)
          55   14.555461  193.565669  (      55)
          56   14.674780  156.838104  (      56)
          57   14.739067   96.254833  (      57)
          58   14.764783  165.235168  (      58)
          59   14.879647  150.347231  (      59)
          60   14.992964  112.430145  (      60)
          61   15.062985  182.726630  (      61)
          62   15.225804  162.213566  (      62)
          63   15.257636  158.735838  (      63)
          64   15.346692  157.778237  (      64)
          65   15.691083  152.793366  (      65)
          66   15.928731  103.229278  (      66)
          67   15.977603  170.543940  (      67)
          68   16.140098  212.454555  (      68)
          69   16.221191  137.699229  (      69)
          70   16.229425  178.251145  (      70)
          71   16.452844   81.241638  (      71)
          72   16.659311  142.717096  (      72)
          73   16.664160  176.693335  (      73)
          74   16.760089  143.907138  (      74)
          75   16.787639  194.352428  (      75)
          76   16.813720  143.426037  (      76)
          77   16.821497  144.315740  (      77)
          78   16.829368  145.204605  (      78)
          79   16.890045  144.673664  (      79)
          80   16.923149  166.972229  (      80)
          81   16.970133  142.449467  (      81)
          82   16.982174  149.247376  (      82)
          83   16.985127  179.602309  (      83)
          84   17.068679  145.761591  (      84)
          85   17.381148  393.838972  (      85)
          86   17.504469  245.255047  (      86)
          87   17.509164  212.072159  (      87)
          88   17.533416  191.073904  (      88)
          89   17.822779  112.778887  (      89)
          90   17.932175  116.623151  (      90)
          91   18.534008  161.036420  (      91)
          92   18.565347  218.093481  (      92)
          93   18.693056  211.751603  (      93)
          94   18.710509  114.722082  (      94)
          95   18.714381  174.080916  (      95)
          96   18.767130  308.736532  (      96)
          97   18.802459  200.239653  (      97)
          98   19.113689  177.685260  (      98)
          99   19.188952  164.295058  (      99)
         100   19.196989  191.447013  (     100)
