        Rank        RMSE       MaxAE  Feature_ID
           1    2.358880   41.311692  (       1)
           2    2.425417   45.169259  (       2)
           3    2.431684   40.126157  (       3)
           4    2.479874   43.623217  (       4)
           5    2.499066   43.092577  (       5)
           6    2.535045   42.092711  (       6)
           7    2.567814   41.890885  (       7)
           8    2.584406   31.315991  (       8)
           9    2.593734   47.920944  (       9)
          10    2.595523   40.851773  (      10)
          11    2.608969   43.553707  (      11)
          12    2.616744   37.533004  (      12)
          13    2.625629   30.422449  (      13)
          14    2.655838   39.823450  (      14)
          15    2.659086   50.077557  (      15)
          16    2.665455   39.663903  (      16)
          17    2.665581   38.187286  (      17)
          18    2.668060   38.897977  (      18)
          19    2.669339   50.840243  (      19)
          20    2.670665   61.229789  (      20)
          21    2.671435   41.638860  (      21)
          22    2.675595   47.953691  (      22)
          23    2.676688   37.575279  (      23)
          24    2.681375   46.098336  (      24)
          25    2.684100   46.189474  (      25)
          26    2.685010   39.987537  (      26)
          27    2.685921   44.960578  (      27)
          28    2.686781   48.244209  (      28)
          29    2.688123   47.466135  (      29)
          30    2.695549   71.650258  (      30)
          31    2.698254   44.442354  (      31)
          32    2.698412   44.368879  (      32)
          33    2.699424   55.426324  (      33)
          34    2.699445   42.190457  (      34)
          35    2.700426   53.955556  (      35)
          36    2.705107   52.178800  (      36)
          37    2.708133   41.229777  (      37)
          38    2.710436   38.494650  (      38)
          39    2.711342   58.676193  (      39)
          40    2.712570   46.892551  (      40)
          41    2.714463   54.456709  (      41)
          42    2.714996   50.839597  (      42)
          43    2.715511   36.369126  (      43)
          44    2.716548   57.297118  (      44)
          45    2.716891   70.471288  (      45)
          46    2.717076   53.928545  (      46)
          47    2.719716   52.974770  (      47)
          48    2.719872   55.892115  (      48)
          49    2.719959   53.261682  (      49)
          50    2.722198   46.845439  (      50)
          51    2.722411   53.043207  (      51)
          52    2.724264   47.179820  (      52)
          53    2.724602   43.507732  (      53)
          54    2.726002   39.459147  (      54)
          55    2.729530   57.139344  (      55)
          56    2.732662   46.874272  (      56)
          57    2.734772   59.804754  (      57)
          58    2.737592   59.822013  (      58)
          59    2.738249   38.561995  (      59)
          60    2.740885   54.426028  (      60)
          61    2.741328   67.060833  (      61)
          62    2.743829   45.452960  (      62)
          63    2.744665   31.248447  (      63)
          64    2.746682   54.013254  (      64)
          65    2.747526   65.529452  (      65)
          66    2.749549   39.960145  (      66)
          67    2.749777   53.153372  (      67)
          68    2.751512   42.829820  (      68)
          69    2.752682   55.697361  (      69)
          70    2.755098   49.298686  (      70)
          71    2.755777   35.436214  (      71)
          72    2.756525   52.139873  (      72)
          73    2.756900   56.841245  (      73)
          74    2.757610   74.823936  (      74)
          75    2.757697   35.483009  (      75)
          76    2.757940   39.925564  (      76)
          77    2.759015   36.320455  (      77)
          78    2.763215   48.487453  (      78)
          79    2.763454   50.821301  (      79)
          80    2.764670   34.277639  (      80)
          81    2.764696   40.105410  (      81)
          82    2.766536   46.215586  (      82)
          83    2.767119   73.180747  (      83)
          84    2.769268   34.159619  (      84)
          85    2.769588   55.439654  (      85)
          86    2.769759   51.229422  (      86)
          87    2.769825   58.156079  (      87)
          88    2.772299   44.973065  (      88)
          89    2.773726   50.995969  (      89)
          90    2.775305   34.889430  (      90)
          91    2.776439   58.006713  (      91)
          92    2.776709   58.293232  (      92)
          93    2.778332   42.689187  (      93)
          94    2.781182   34.077822  (      94)
          95    2.782193   76.173088  (      95)
          96    2.784526   53.215706  (      96)
          97    2.785413   52.237909  (      97)
          98    2.786861   46.752198  (      98)
          99    2.787798   42.264316  (      99)
         100    2.788131   50.269466  (     100)
