Model_ID, [(c_i,i=0,n)_j,j=1,ntask]
           1   -0.3444434310E+00    0.2789004650E+00
           2    0.6110921034E+00    0.1156133190E+00
           3   -0.4471684812E+00    0.2079134841E+00
           4    0.4673368522E+00    0.7463666035E-01
           5   -0.9316200413E+00    0.2272441855E+00
           6   -0.1062840867E+01    0.1698602523E+00
           7    0.3319360411E+00    0.4806669279E-01
           8   -0.2942511180E+01    0.5564922862E+01
           9    0.4452332401E+00    0.1287068138E+00
          10   -0.1205772158E+01    0.6683725435E-01
          11   -0.5199055297E+00    0.3091088988E+00
          12   -0.6393004129E+00    0.1151751817E+00
          13   -0.3107815293E+01   -0.1351623715E+01
          14   -0.1310380541E+01    0.9457526607E-01
          15   -0.7717145816E+00    0.2258178596E+00
          16   -0.1326456830E+01    0.4983708848E-01
          17   -0.2795945909E+01   -0.1808675396E+01
          18   -0.2613230512E+01    0.7424405800E+01
          19   -0.6256866849E+00    0.3011147523E+00
          20    0.1732915233E+00    0.6738536193E+00
          21    0.7538051026E+00    0.4054685272E-01
          22   -0.3563952953E+00    0.3819416702E+00
          23   -0.1567376291E+00    0.9739418960E-01
          24    0.3084874052E+00    0.8287697384E-01
          25    0.1708649261E+00    0.9321837507E-01
          26    0.2053058158E+00    0.3088180935E-01
          27   -0.9550948843E-02    0.6042490562E-01
          28   -0.1052172445E+01    0.1265690802E+00
          29    0.8758449398E+00    0.3138250809E+00
          30    0.3701350900E+00    0.9035304013E+00
          31    0.1107710452E+01    0.2263563269E+00
          32   -0.8235928117E-01    0.2754996621E-01
          33   -0.4947071909E-01    0.7466104998E+00
          34   -0.6168166184E+00    0.2300403587E+00
          35   -0.3722835463E+00    0.6452691377E+00
          36    0.6012892122E+00    0.1585653775E+00
          37   -0.3092044694E+00    0.7625036307E+00
          38    0.7833284807E+00    0.3951448887E-01
          39    0.6996182657E+00    0.2012674344E+00
          40   -0.4756383655E+00    0.2853953798E+00
          41   -0.1714558162E+00    0.5587855316E+00
          42    0.4363500519E+00    0.1027167817E+00
          43   -0.3183516177E+01    0.3120476707E+01
          44    0.5360644967E+00    0.1304219559E+00
          45    0.2614477283E+00    0.6756977690E+00
          46   -0.4865559634E-01    0.7374930063E+00
          47   -0.5007163827E+00    0.4828708543E+00
          48    0.5344318222E+00    0.1289721450E+00
          49    0.3601792910E+00    0.1434149694E+00
          50    0.9330057251E+00    0.5308291851E-01
          51   -0.1743693789E+00    0.5523767994E+00
          52   -0.1185988139E+01    0.9459600060E-01
          53   -0.1804370242E+00    0.3906283926E-01
          54   -0.7282879980E+00    0.8558609512E-01
          55    0.7030720833E+00    0.1987994319E+00
          56    0.7428540465E+00    0.2025938398E+00
          57    0.7913813368E-01    0.5022832842E+00
          58    0.8693263382E+00    0.3098580846E+00
          59   -0.1426132969E+01    0.7044778776E-01
          60    0.3720822882E+00    0.8347702960E-01
          61    0.1200415540E+01    0.4309303255E+00
          62    0.7917543012E+00    0.3433279008E-01
          63   -0.3946446320E+00    0.2020305536E+00
          64   -0.4075644623E+00    0.6446501593E+00
          65    0.1057095516E+01    0.2790407028E+00
          66    0.6297626332E+00    0.2611322094E-01
          67   -0.5442693720E+00    0.4830280442E+00
          68   -0.2493582566E+00    0.1779109045E-01
          69    0.3792166727E+00    0.8431586334E-01
          70    0.2780665000E+00    0.6638580874E-01
          71   -0.3357056143E+01    0.7580507917E+00
          72    0.4624609512E-01    0.5228138821E-01
          73    0.4327555238E+00    0.1732940683E+00
          74    0.1081646107E+01    0.2427231706E+00
          75   -0.3338946520E+01    0.4424070464E+01
          76    0.2891227860E+00    0.5408695667E+00
          77   -0.2446318435E+00    0.7249132198E-01
          78    0.7867510272E+00    0.3044298845E+00
          79   -0.1381926278E+00    0.3388318551E-01
          80   -0.1006005557E+00    0.9457559663E-01
          81   -0.4174696027E+00    0.5688498219E+00
          82    0.8007854232E+00    0.4872850632E+00
          83    0.9342006404E+00    0.1571561087E+00
          84   -0.1045871730E+01    0.1660609116E+00
          85    0.2617632909E+00    0.1122588727E+00
          86    0.2332838252E+00    0.5041261602E-01
          87    0.8774532269E+00    0.3057097869E+00
          88    0.6418648515E+00    0.3157180722E+00
          89   -0.4166591083E+00    0.3089321650E+00
          90    0.5532522042E+00    0.8386821257E-01
          91    0.6106627504E+00    0.2668581944E+00
          92    0.2749858065E-01    0.7478812823E+00
          93    0.9908635471E+00    0.1457163341E+00
          94   -0.3440549672E+01    0.2313848842E+01
          95    0.1236409589E+01    0.3739015885E+00
          96    0.2388899043E+00    0.8045817050E-01
          97   -0.4056110341E+00    0.3120352140E+00
          98   -0.7812517864E+00    0.1211570973E+00
          99    0.7002623606E-01    0.1269599320E+00
         100    0.5809827901E+00    0.4760690631E+00
