Model_ID, [(c_i,i=0,n)_j,j=1,ntask]
           1    0.1449792525E+00    0.1346717763E+01
           2    0.3327811609E-01    0.1007315388E+01
           3   -0.1798213796E+00    0.5618085568E+00
           4    0.8635225595E+00    0.3624112725E+00
           5    0.7144109980E+00    0.2345966512E+00
           6   -0.1528923238E-01    0.9964464309E+00
           7    0.1019215585E+01    0.5585204012E+00
           8   -0.2807853663E+00    0.4189126273E+00
           9    0.5723659642E+00    0.1515011724E+00
          10   -0.1116660178E+00    0.7429136689E+00
          11    0.3461795303E+00    0.1338555043E+01
          12   -0.7477180664E+00    0.3327450668E+00
          13    0.8690595497E+00    0.4137066249E+00
          14   -0.6048037983E+00    0.4437575887E+00
          15    0.2409710459E+00    0.1000632991E+01
          16   -0.1021536154E+01    0.1864439130E+00
          17   -0.1401407617E+01    0.5547213081E+00
          18   -0.2479981986E+01    0.2088526885E+01
          19   -0.2835780096E+01    0.6713755905E+01
          20   -0.2471328248E+01    0.9154919967E+00
