        Rank        RMSE       MaxAE  Feature_ID
           1    1.476361   21.176629  (       1)
           2    1.504219   20.459858  (       2)
           3    1.632629   22.340148  (       3)
           4    1.659540   31.748053  (       4)
           5    1.674722   31.612974  (       5)
           6    1.681768   16.082451  (       6)
           7    1.697569   31.508871  (       7)
           8    1.727679   29.094930  (       8)
           9    1.740967   31.110086  (       9)
          10    1.774293   22.076778  (      10)
          11    1.828713   40.753639  (      11)
          12    1.840997   24.148878  (      12)
          13    1.852711   18.486235  (      13)
          14    1.860968   24.755831  (      14)
          15    1.863498   39.822056  (      15)
          16    1.872814   22.710252  (      16)
          17    1.876554   24.116666  (      17)
          18    1.881033   19.521574  (      18)
          19    1.902952   38.850433  (      19)
          20    1.908123   23.702128  (      20)
