Model_ID, [(c_i,i=0,n)_j,j=1,ntask]
           1   -0.2588541296E-05    0.2663175226E-01
           2   -0.8843199389E-05    0.4944928000E-01
           3   -0.4471997897E-05    0.3251709603E-01
           4   -0.2776688456E-05   -0.5152165313E-01
           5   -0.4348092653E-05    0.4602667270E-01
           6    0.3800781797E-06    0.1963465687E-01
           7   -0.1668370995E-04    0.9858142737E-02
           8   -0.2957569225E-05    0.2682547253E-01
           9   -0.2705702625E-05    0.1811377191E-01
          10   -0.3811630508E-05    0.4714556833E-01
          11   -0.6771451108E-05    0.4704613460E-01
          12    0.3338549180E-05    0.6319093594E-01
          13   -0.8584762196E-05    0.5004988081E-01
          14   -0.8022856700E-05    0.4924020708E-01
          15    0.8233883770E-05    0.7221142981E-01
          16   -0.3054866730E-05   -0.7545414960E-01
          17   -0.1597563697E-05    0.2033946200E-01
          18   -0.7680528229E-05    0.4782541186E-01
          19   -0.6584208783E-05    0.4778329449E-01
          20   -0.3785388166E-04    0.2560560280E-02
          21   -0.6754612793E-05    0.4726466812E-01
          22    0.3439656684E-05    0.1385522809E-01
          23    0.3450129111E-05    0.1439332459E-01
          24    0.3474449179E-05    0.1439378484E-01
          25    0.2959637144E-05    0.1454336841E-01
          26    0.3558479749E-05    0.1439621929E-01
          27    0.3302239402E-05    0.1443810867E-01
          28   -0.3795518277E-04    0.4853677103E-02
          29   -0.7335245119E-05    0.4752327729E-01
          30   -0.2065547236E-04    0.4408071223E-02
          31    0.3398166897E-05    0.1633782259E-01
          32   -0.2502484229E-05    0.3873322817E-01
          33    0.3425403691E-05    0.8537874842E-02
          34    0.4528237798E-05    0.2526840724E-01
          35   -0.8096213639E-05    0.4835964009E-01
          36   -0.7812457244E-05    0.3040655109E-01
          37   -0.8588461106E-05    0.5294399153E-02
          38   -0.7889553403E-05    0.4754148577E-01
          39   -0.7855346183E-05    0.2725756141E-01
          40   -0.3966153733E-05    0.6889850382E-01
          41   -0.7606042773E-05    0.4815736584E-01
          42   -0.8893702485E-05    0.4894931677E-01
          43    0.4414314401E-05    0.4469520907E-01
          44    0.3467063433E-05    0.8958119891E-02
          45   -0.6975891002E-05    0.4714571009E-01
          46   -0.7824616236E-05    0.2763650819E-01
          47   -0.7718786470E-05    0.5365426376E-01
          48   -0.8009919820E-05    0.4629886558E-01
          49   -0.7796109612E-05    0.2531941795E-01
          50   -0.6909332370E-05    0.8476259657E-01
          51   -0.7723559090E-05    0.5036059824E-01
          52   -0.4454023371E-05    0.4734715429E-01
          53   -0.7818132407E-05    0.4804070360E-01
          54   -0.7788396513E-05    0.4805840887E-01
          55   -0.8068410635E-05    0.4615750015E-01
          56   -0.7857679302E-05    0.4801861369E-01
          57   -0.8035787194E-05    0.2557327683E-01
          58   -0.7877523030E-05    0.4800766818E-01
          59   -0.7877334153E-05    0.4800749149E-01
          60   -0.8088208238E-05    0.5237756264E-01
          61   -0.7335646048E-05    0.2660885433E-01
          62   -0.7380434186E-05    0.2533927302E-01
          63   -0.6943403728E-05    0.1496919865E+00
          64   -0.7935972672E-05    0.4797375907E-01
          65   -0.8161310342E-05    0.4828287373E-01
          66   -0.7626507867E-05    0.2315318512E-01
          67    0.6022210909E-06    0.2848530870E-01
          68   -0.7381387478E-05    0.2462113298E-01
          69   -0.8151360796E-05    0.5467011122E-01
          70   -0.7392526162E-05    0.4291711899E-01
          71    0.3570868078E-05    0.9747988562E-02
          72    0.6031211650E-05    0.8328431046E-02
          73   -0.8164508088E-05    0.2859016299E-01
          74   -0.3828769741E-04    0.5520510872E-02
          75   -0.7841130717E-05    0.4810928502E-01
          76   -0.8138277164E-05    0.4784800839E-01
          77   -0.7556389099E-05    0.4391861693E-01
          78   -0.7688259002E-05    0.4972922675E-01
          79   -0.7877883251E-05    0.8452079800E-01
          80   -0.7476860564E-05    0.2199332716E-01
          81    0.4072368561E-05    0.1104888490E-01
          82   -0.7929800968E-05    0.4805803920E-01
          83    0.3526182625E-05    0.1847500907E-01
          84   -0.7308426249E-05    0.2416791133E-01
          85   -0.7013355120E-05    0.2923087049E-01
          86   -0.8203015578E-05    0.1036071868E+00
          87   -0.8716749479E-05    0.4882628984E-01
          88    0.3990283210E-05    0.2095684327E-01
          89   -0.8185200696E-05    0.9330640252E-01
          90   -0.1063288790E-04    0.5063125452E-01
          91   -0.8169381243E-05    0.3002315664E-01
          92   -0.6736901658E-05    0.1442408902E+00
          93   -0.7550833841E-05    0.4981455911E-01
          94   -0.7320904463E-05    0.1577204768E+00
          95   -0.8190167574E-05    0.2906310059E-01
          96   -0.7249565972E-05    0.2212968686E-01
          97   -0.8192301959E-05    0.5824523662E-01
          98   -0.2797380789E-05    0.5412941661E-01
          99   -0.7355802730E-05    0.4197725860E-01
         100   -0.7781137924E-05    0.4840742905E-01
