        Rank        RMSE       MaxAE  Feature_ID
           1    0.000016    0.000274  (       1)
           2    0.000017    0.000290  (       2)
           3    0.000017    0.000275  (       3)
           4    0.000017    0.000337  (       4)
           5    0.000017    0.000270  (       5)
           6    0.000017    0.000271  (       6)
           7    0.000017    0.000267  (       7)
           8    0.000017    0.000274  (       8)
           9    0.000017    0.000242  (       9)
          10    0.000017    0.000298  (      10)
          11    0.000017    0.000277  (      11)
          12    0.000017    0.000279  (      12)
          13    0.000017    0.000289  (      13)
          14    0.000017    0.000290  (      14)
          15    0.000017    0.000279  (      15)
          16    0.000017    0.000272  (      16)
          17    0.000017    0.000311  (      17)
          18    0.000017    0.000275  (      18)
          19    0.000017    0.000297  (      19)
          20    0.000017    0.000257  (      20)
          21    0.000017    0.000262  (      21)
          22    0.000017    0.000259  (      22)
          23    0.000017    0.000265  (      23)
          24    0.000017    0.000265  (      24)
          25    0.000017    0.000266  (      25)
          26    0.000017    0.000265  (      26)
          27    0.000017    0.000266  (      27)
          28    0.000017    0.000260  (      28)
          29    0.000017    0.000300  (      29)
          30    0.000017    0.000258  (      30)
          31    0.000017    0.000247  (      31)
          32    0.000017    0.000253  (      32)
          33    0.000017    0.000244  (      33)
          34    0.000017    0.000284  (      34)
          35    0.000017    0.000296  (      35)
          36    0.000017    0.000283  (      36)
          37    0.000017    0.000258  (      37)
          38    0.000017    0.000282  (      38)
          39    0.000017    0.000289  (      39)
          40    0.000017    0.000248  (      40)
          41    0.000017    0.000296  (      41)
          42    0.000017    0.000326  (      42)
          43    0.000017    0.000269  (      43)
          44    0.000017    0.000244  (      44)
          45    0.000017    0.000280  (      45)
          46    0.000017    0.000292  (      46)
          47    0.000017    0.000275  (      47)
          48    0.000017    0.000286  (      48)
          49    0.000017    0.000295  (      49)
          50    0.000017    0.000296  (      50)
          51    0.000017    0.000280  (      51)
          52    0.000017    0.000252  (      52)
          53    0.000017    0.000297  (      53)
          54    0.000017    0.000297  (      54)
          55    0.000017    0.000282  (      55)
          56    0.000017    0.000297  (      56)
          57    0.000017    0.000289  (      57)
          58    0.000017    0.000297  (      58)
          59    0.000017    0.000297  (      59)
          60    0.000017    0.000285  (      60)
          61    0.000017    0.000302  (      61)
          62    0.000017    0.000304  (      62)
          63    0.000017    0.000281  (      63)
          64    0.000017    0.000298  (      64)
          65    0.000017    0.000303  (      65)
          66    0.000017    0.000305  (      66)
          67    0.000017    0.000256  (      67)
          68    0.000017    0.000305  (      68)
          69    0.000017    0.000279  (      69)
          70    0.000017    0.000295  (      70)
          71    0.000017    0.000247  (      71)
          72    0.000017    0.000236  (      72)
          73    0.000017    0.000274  (      73)
          74    0.000017    0.000239  (      74)
          75    0.000017    0.000306  (      75)
          76    0.000017    0.000299  (      76)
          77    0.000017    0.000309  (      77)
          78    0.000017    0.000309  (      78)
          79    0.000017    0.000306  (      79)
          80    0.000017    0.000311  (      80)
          81    0.000017    0.000302  (      81)
          82    0.000017    0.000306  (      82)
          83    0.000017    0.000250  (      83)
          84    0.000017    0.000310  (      84)
          85    0.000017    0.000311  (      85)
          86    0.000017    0.000282  (      86)
          87    0.000017    0.000314  (      87)
          88    0.000017    0.000297  (      88)
          89    0.000017    0.000290  (      89)
          90    0.000017    0.000386  (      90)
          91    0.000017    0.000268  (      91)
          92    0.000017    0.000318  (      92)
          93    0.000017    0.000313  (      93)
          94    0.000017    0.000285  (      94)
          95    0.000017    0.000271  (      95)
          96    0.000017    0.000313  (      96)
          97    0.000017    0.000270  (      97)
          98    0.000017    0.000279  (      98)
          99    0.000017    0.000315  (      99)
         100    0.000017    0.000312  (     100)
